 0.12814019E-15  0.00000000E+00
-0.33786491E-16 -0.17807304E+01
 0.14950264E-15  0.13029983E-15
-0.16303104E-15 -0.29495154E+00
 0.13621581E-15 -0.16001993E-15
 0.33475890E-15 -0.13274084E+00
-0.15888969E-15 -0.10840839E-16
-0.78340485E-17 -0.79032279E-01
 0.31456983E-15  0.89906060E-16
-0.31508750E-16 -0.53796514E-01
-0.11150577E-15  0.55659060E-16
 0.22960319E-15 -0.39619696E-01
-0.56978036E-16 -0.98788387E-17
-0.67607494E-16 -0.30734179E-01
 0.32865041E-15 -0.12837745E-15
 0.14829474E-15 -0.24735940E-01
 0.56391345E-16  0.62735803E-15
 0.91589345E-15 -0.20463233E-01
-0.42949222E-15  0.76395131E-15
 0.48936920E-15 -0.17293109E-01
 0.90081205E-15 -0.85542547E-16
