-0.31415927E+01  0.38993815E-15
-0.31206487E+01  0.13010421E+00
-0.30997048E+01  0.25558493E+00
-0.30787608E+01  0.37225788E+00
-0.30578168E+01  0.47676507E+00
-0.30368729E+01  0.56686469E+00
-0.30159289E+01  0.64159103E+00
-0.29949850E+01  0.70126881E+00
-0.29740410E+01  0.74738448E+00
-0.29530971E+01  0.78233538E+00
-0.29321531E+01  0.80909210E+00
-0.29112092E+01  0.83081936E+00
-0.28902652E+01  0.85050412E+00
-0.28693213E+01  0.87063656E+00
-0.28483773E+01  0.89298068E+00
-0.28274334E+01  0.91845757E+00
-0.28064894E+01  0.94714816E+00
-0.27855455E+01  0.97840632E+00
-0.27646015E+01  0.10110583E+01
-0.27436576E+01  0.10436545E+01
-0.27227136E+01  0.10747347E+01
-0.27017697E+01  0.11030680E+01
-0.26808257E+01  0.11278348E+01
-0.26598818E+01  0.11487298E+01
-0.26389378E+01  0.11659755E+01
-0.26179939E+01  0.11802528E+01
-0.25970499E+01  0.11925630E+01
-0.25761060E+01  0.12040496E+01
-0.25551620E+01  0.12158083E+01
-0.25342181E+01  0.12287167E+01
-0.25132741E+01  0.12433092E+01
-0.24923302E+01  0.12597139E+01
-0.24713862E+01  0.12776586E+01
-0.24504423E+01  0.12965403E+01
-0.24294983E+01  0.13155455E+01
-0.24085544E+01  0.13337977E+01
-0.23876104E+01  0.13505078E+01
-0.23666665E+01  0.13651039E+01
-0.23457225E+01  0.13773182E+01
-0.23247786E+01  0.13872211E+01
-0.23038346E+01  0.13951973E+01
-0.22828907E+01  0.14018713E+01
-0.22619467E+01  0.14079956E+01
-0.22410028E+01  0.14143218E+01
-0.22200588E+01  0.14214766E+01
-0.21991149E+01  0.14298616E+01
-0.21781709E+01  0.14395953E+01
-0.21572270E+01  0.14505022E+01
-0.21362830E+01  0.14621528E+01
-0.21153391E+01  0.14739435E+01
-0.20943951E+01  0.14852043E+01
-0.20734512E+01  0.14953144E+01
-0.20525072E+01  0.15038063E+01
-0.20315632E+01  0.15104427E+01
-0.20106193E+01  0.15152514E+01
-0.19896753E+01  0.15185165E+01
-0.19687314E+01  0.15207254E+01
-0.19477874E+01  0.15224833E+01
-0.19268435E+01  0.15244088E+01
-0.19058995E+01  0.15270294E+01
-0.18849556E+01  0.15306943E+01
-0.18640116E+01  0.15355176E+01
-0.18430677E+01  0.15413631E+01
-0.18221237E+01  0.15478710E+01
-0.18011798E+01  0.15545221E+01
-0.17802358E+01  0.15607285E+01
-0.17592919E+01  0.15659346E+01
-0.17383479E+01  0.15697118E+01
-0.17174040E+01  0.15718307E+01
-0.16964600E+01  0.15722992E+01
-0.16755161E+01  0.15713595E+01
-0.16545721E+01  0.15694458E+01
-0.16336282E+01  0.15671091E+01
-0.16126842E+01  0.15649229E+01
-0.15917403E+01  0.15633850E+01
-0.15707963E+01  0.15628326E+01
-0.15498524E+01  0.15633850E+01
-0.15289084E+01  0.15649229E+01
-0.15079645E+01  0.15671091E+01
-0.14870205E+01  0.15694458E+01
-0.14660766E+01  0.15713595E+01
-0.14451326E+01  0.15722992E+01
-0.14241887E+01  0.15718307E+01
-0.14032447E+01  0.15697118E+01
-0.13823008E+01  0.15659346E+01
-0.13613568E+01  0.15607285E+01
-0.13404129E+01  0.15545221E+01
-0.13194689E+01  0.15478710E+01
-0.12985250E+01  0.15413631E+01
-0.12775810E+01  0.15355176E+01
-0.12566371E+01  0.15306943E+01
-0.12356931E+01  0.15270294E+01
-0.12147492E+01  0.15244088E+01
-0.11938052E+01  0.15224833E+01
-0.11728613E+01  0.15207254E+01
-0.11519173E+01  0.15185165E+01
-0.11309734E+01  0.15152514E+01
-0.11100294E+01  0.15104427E+01
-0.10890855E+01  0.15038063E+01
-0.10681415E+01  0.14953144E+01
-0.10471976E+01  0.14852043E+01
-0.10262536E+01  0.14739435E+01
-0.10053096E+01  0.14621528E+01
-0.98436570E+00  0.14505022E+01
-0.96342175E+00  0.14395953E+01
-0.94247780E+00  0.14298616E+01
-0.92153385E+00  0.14214766E+01
-0.90058989E+00  0.14143218E+01
-0.87964594E+00  0.14079956E+01
-0.85870199E+00  0.14018713E+01
-0.83775804E+00  0.13951973E+01
-0.81681409E+00  0.13872211E+01
-0.79587014E+00  0.13773182E+01
-0.77492619E+00  0.13651039E+01
-0.75398224E+00  0.13505078E+01
-0.73303829E+00  0.13337977E+01
-0.71209433E+00  0.13155455E+01
-0.69115038E+00  0.12965403E+01
-0.67020643E+00  0.12776586E+01
-0.64926248E+00  0.12597139E+01
-0.62831853E+00  0.12433092E+01
-0.60737458E+00  0.12287167E+01
-0.58643063E+00  0.12158083E+01
-0.56548668E+00  0.12040496E+01
-0.54454273E+00  0.11925630E+01
-0.52359878E+00  0.11802528E+01
-0.50265482E+00  0.11659755E+01
-0.48171087E+00  0.11487298E+01
-0.46076692E+00  0.11278348E+01
-0.43982297E+00  0.11030680E+01
-0.41887902E+00  0.10747347E+01
-0.39793507E+00  0.10436545E+01
-0.37699112E+00  0.10110583E+01
-0.35604717E+00  0.97840632E+00
-0.33510322E+00  0.94714816E+00
-0.31415927E+00  0.91845757E+00
-0.29321531E+00  0.89298068E+00
-0.27227136E+00  0.87063656E+00
-0.25132741E+00  0.85050412E+00
-0.23038346E+00  0.83081936E+00
-0.20943951E+00  0.80909210E+00
-0.18849556E+00  0.78233538E+00
-0.16755161E+00  0.74738448E+00
-0.14660766E+00  0.70126881E+00
-0.12566371E+00  0.64159103E+00
-0.10471976E+00  0.56686469E+00
-0.83775804E-01  0.47676507E+00
-0.62831853E-01  0.37225788E+00
-0.41887902E-01  0.25558493E+00
-0.20943951E-01  0.13010421E+00
-0.44408921E-15  0.59200581E-14
 0.20943951E-01 -0.13010421E+00
 0.41887902E-01 -0.25558493E+00
 0.62831853E-01 -0.37225788E+00
 0.83775804E-01 -0.47676507E+00
 0.10471976E+00 -0.56686469E+00
 0.12566371E+00 -0.64159103E+00
 0.14660766E+00 -0.70126881E+00
 0.16755161E+00 -0.74738448E+00
 0.18849556E+00 -0.78233538E+00
 0.20943951E+00 -0.80909210E+00
 0.23038346E+00 -0.83081936E+00
 0.25132741E+00 -0.85050412E+00
 0.27227136E+00 -0.87063656E+00
 0.29321531E+00 -0.89298068E+00
 0.31415927E+00 -0.91845757E+00
 0.33510322E+00 -0.94714816E+00
 0.35604717E+00 -0.97840632E+00
 0.37699112E+00 -0.10110583E+01
 0.39793507E+00 -0.10436545E+01
 0.41887902E+00 -0.10747347E+01
 0.43982297E+00 -0.11030680E+01
 0.46076692E+00 -0.11278348E+01
 0.48171087E+00 -0.11487298E+01
 0.50265482E+00 -0.11659755E+01
 0.52359878E+00 -0.11802528E+01
 0.54454273E+00 -0.11925630E+01
 0.56548668E+00 -0.12040496E+01
 0.58643063E+00 -0.12158083E+01
 0.60737458E+00 -0.12287167E+01
 0.62831853E+00 -0.12433092E+01
 0.64926248E+00 -0.12597139E+01
 0.67020643E+00 -0.12776586E+01
 0.69115038E+00 -0.12965403E+01
 0.71209433E+00 -0.13155455E+01
 0.73303829E+00 -0.13337977E+01
 0.75398224E+00 -0.13505078E+01
 0.77492619E+00 -0.13651039E+01
 0.79587014E+00 -0.13773182E+01
 0.81681409E+00 -0.13872211E+01
 0.83775804E+00 -0.13951973E+01
 0.85870199E+00 -0.14018713E+01
 0.87964594E+00 -0.14079956E+01
 0.90058989E+00 -0.14143218E+01
 0.92153385E+00 -0.14214766E+01
 0.94247780E+00 -0.14298616E+01
 0.96342175E+00 -0.14395953E+01
 0.98436570E+00 -0.14505022E+01
 0.10053096E+01 -0.14621528E+01
 0.10262536E+01 -0.14739435E+01
 0.10471976E+01 -0.14852043E+01
 0.10681415E+01 -0.14953144E+01
 0.10890855E+01 -0.15038063E+01
 0.11100294E+01 -0.15104427E+01
 0.11309734E+01 -0.15152514E+01
 0.11519173E+01 -0.15185165E+01
 0.11728613E+01 -0.15207254E+01
 0.11938052E+01 -0.15224833E+01
 0.12147492E+01 -0.15244088E+01
 0.12356931E+01 -0.15270294E+01
 0.12566371E+01 -0.15306943E+01
 0.12775810E+01 -0.15355176E+01
 0.12985250E+01 -0.15413631E+01
 0.13194689E+01 -0.15478710E+01
 0.13404129E+01 -0.15545221E+01
 0.13613568E+01 -0.15607285E+01
 0.13823008E+01 -0.15659346E+01
 0.14032447E+01 -0.15697118E+01
 0.14241887E+01 -0.15718307E+01
 0.14451326E+01 -0.15722992E+01
 0.14660766E+01 -0.15713595E+01
 0.14870205E+01 -0.15694458E+01
 0.15079645E+01 -0.15671091E+01
 0.15289084E+01 -0.15649229E+01
 0.15498524E+01 -0.15633850E+01
 0.15707963E+01 -0.15628326E+01
 0.15917403E+01 -0.15633850E+01
 0.16126842E+01 -0.15649229E+01
 0.16336282E+01 -0.15671091E+01
 0.16545721E+01 -0.15694458E+01
 0.16755161E+01 -0.15713595E+01
 0.16964600E+01 -0.15722992E+01
 0.17174040E+01 -0.15718307E+01
 0.17383479E+01 -0.15697118E+01
 0.17592919E+01 -0.15659346E+01
 0.17802358E+01 -0.15607285E+01
 0.18011798E+01 -0.15545221E+01
 0.18221237E+01 -0.15478710E+01
 0.18430677E+01 -0.15413631E+01
 0.18640116E+01 -0.15355176E+01
 0.18849556E+01 -0.15306943E+01
 0.19058995E+01 -0.15270294E+01
 0.19268435E+01 -0.15244088E+01
 0.19477874E+01 -0.15224833E+01
 0.19687314E+01 -0.15207254E+01
 0.19896753E+01 -0.15185165E+01
 0.20106193E+01 -0.15152514E+01
 0.20315632E+01 -0.15104427E+01
 0.20525072E+01 -0.15038063E+01
 0.20734512E+01 -0.14953144E+01
 0.20943951E+01 -0.14852043E+01
 0.21153391E+01 -0.14739435E+01
 0.21362830E+01 -0.14621528E+01
 0.21572270E+01 -0.14505022E+01
 0.21781709E+01 -0.14395953E+01
 0.21991149E+01 -0.14298616E+01
 0.22200588E+01 -0.14214766E+01
 0.22410028E+01 -0.14143218E+01
 0.22619467E+01 -0.14079956E+01
 0.22828907E+01 -0.14018713E+01
 0.23038346E+01 -0.13951973E+01
 0.23247786E+01 -0.13872211E+01
 0.23457225E+01 -0.13773182E+01
 0.23666665E+01 -0.13651039E+01
 0.23876104E+01 -0.13505078E+01
 0.24085544E+01 -0.13337977E+01
 0.24294983E+01 -0.13155455E+01
 0.24504423E+01 -0.12965403E+01
 0.24713862E+01 -0.12776586E+01
 0.24923302E+01 -0.12597139E+01
 0.25132741E+01 -0.12433092E+01
 0.25342181E+01 -0.12287167E+01
 0.25551620E+01 -0.12158083E+01
 0.25761060E+01 -0.12040496E+01
 0.25970499E+01 -0.11925630E+01
 0.26179939E+01 -0.11802528E+01
 0.26389378E+01 -0.11659755E+01
 0.26598818E+01 -0.11487298E+01
 0.26808257E+01 -0.11278348E+01
 0.27017697E+01 -0.11030680E+01
 0.27227136E+01 -0.10747347E+01
 0.27436576E+01 -0.10436545E+01
 0.27646015E+01 -0.10110583E+01
 0.27855455E+01 -0.97840632E+00
 0.28064894E+01 -0.94714816E+00
 0.28274334E+01 -0.91845757E+00
 0.28483773E+01 -0.89298068E+00
 0.28693213E+01 -0.87063656E+00
 0.28902652E+01 -0.85050412E+00
 0.29112092E+01 -0.83081936E+00
 0.29321531E+01 -0.80909210E+00
 0.29530971E+01 -0.78233538E+00
 0.29740410E+01 -0.74738448E+00
 0.29949850E+01 -0.70126881E+00
 0.30159289E+01 -0.64159103E+00
 0.30368729E+01 -0.56686469E+00
 0.30578168E+01 -0.47676507E+00
 0.30787608E+01 -0.37225788E+00
 0.30997048E+01 -0.25558493E+00
 0.31206487E+01 -0.13010421E+00
